Medinc	Unemp	Metro
61937	3.9	1
49881	3.9	1
59338	3.6	0
57588	3.6	1
34382	5.2	1
46064	4	0
50412	3.5	0
29267	4.7	1
37365	4.8	0
45400	4.7	0
39917	3.9	1
42132	3.6	0
47547	3.6	0
39907	5.5	0
40741	7.5	0
39201	3.9	0
46495	4.2	1
55122	3.9	0
49055	4.6	0
32613	5.2	0
42423	4.2	0
40203	4.6	0
39057	4.1	0
45796	3.3	0
45309	4.2	0
34035	6.5	1
39491	3.8	0
60367	3.4	1
38418	4.6	0
44903	4.1	0
39254	4.1	1
39388	3.7	0
37823	3.9	1
28524	6.7	1
34724	5.1	1
46027	4.4	0
47993	4	1
41929	4.1	0
55013	3.7	1
40936	3.8	1
48707	4.2	1
43909	4.2	1
48937	3.6	1
64863	3.5	0
33973	7.3	1
32495	5.5	0
63755	3.5	0
37733	5	0
37887	4.1	1
46233	3.4	0
43598	4.7	1
39556	6.2	1
49640	4	0
52797	3.5	1
26814	6.5	0
37586	4.6	0
37259	4.5	1
40546	4	1
39104	4	1
57284	3.5	0
75663	2.9	0
27859	5.9	0
41630	4.3	1
42205	4.2	1
52557	3.7	0
45434	4.2	0
44424	5.8	0
41156	4.2	0
74912	6.6	0
70081	3	1
82633	3.5	0
82113	5.5	0
44304	12.8	0
77257	6.3	0
75477	7.8	1
54524	8.2	0
74268	5.8	0
58943	9.5	0
51188	12.6	0
79173	4.4	0
65439	7.7	0
68309	6	0
74109	5.8	0
32728	19.9	1
49403	11.6	0
74649	7.6	0
55318	11.6	0
89276	7	0
59337	14.2	0
49356	10.9	0
74635	9.8	0
63527	9.6	0
57832	7	0
38912	15.3	0
59079	4.8	1
33652	10.1	1
49164	5.6	0
60187	5.5	0
43585	5.9	0
50157	5.1	0
65818	4.3	1
37350	6.2	1
65234	4.1	0
45129	5.8	1
40650	7.8	1
53395	4.5	0
58848	5	1
40545	9.3	1
44116	17	0
47094	3.7	0
43887	3.4	0
41127	5.5	1
39686	4.1	0
68978	2.9	0
44482	3.5	0
37729	4.5	0
44969	3.9	0
45023	3.2	0
31787	6.9	0
45408	3.8	0
37687	4.4	1
44902	4.5	0
47600	3.9	0
40909	4.8	1
44565	4.4	1
45615	3.1	1
47363	3.6	0
42606	4.3	0
41214	4.2	0
37259	4.4	0
36132	4.5	1
42494	5	0
53882	3.3	0
43696	3.6	1
35630	4	1
43610	4	0
52050	3.1	0
46512	3.5	0
38682	3.6	0
47205	3.8	0
40199	3.5	0
45596	4.1	0
37828	5.5	1
36573	6.2	0
38596	5.3	0
39381	4.5	0
35527	5.2	0
40308	3.9	1
28080	4.8	1
44951	4.3	0
43559	5.3	1
41471	4	1
56651	3.2	0
42674	2.9	1
36581	4.1	0
42162	4.8	0
36718	5.7	0
32922	4.3	0
38318	4.8	0
37626	3.5	0
36078	3.4	1
37624	4.7	0
45342	4.2	0
29945	6.1	1
41534	4.2	0
37370	3.8	0
39048	4.2	0
45788	4.5	1
43245	3.9	0
49957	3.5	0
37799	4	1
33257	5.2	0
63677	3.1	0
35826	3.7	1
31659	4.3	0
46843	3.6	0
44100	4.7	0
36032	4.8	0
34009	4.5	0
45335	5.6	1
40486	5.3	0
50893	2.6	0
44811	4.4	0
41729	4.2	1
75250	4.2	0
101744	3	0
55384	4.6	1
58515	4	0
50945	5	0
62984	4	1
57249	12.9	0
101463	3.2	1
48518	5.5	1
81869	3.6	0
52318	7.5	0
47365	6.5	1
49471	3.6	0
46633	18.1	1
53793	3.9	1
51586	8	0
58255	7.7	0
45086	5.2	1
57705	4.8	1
67986	4.7	1
53632	7	0
122933	2.4	0
51402	5.3	1
51386	3.9	0
56169	8.3	0
45227	7.5	1
66499	3.8	1
69665	6.3	0
85624	2.9	1
66681	3.5	1
89373	2.9	0
89175	3.2	1
55079	7.5	1
66793	4.4	1
69475	3.8	1
80063	5.1	1
63310	4	1
78777	3.3	1
110601	2.4	1
63567	6	1
70626	2.9	1
122930	2.2	1
75646	3.9	1
125933	2.6	1
84213	4.9	0
53908	4.9	0
52308	6	1
47560	6.7	1
82808	3.9	1
81002	2.7	1
59616	6.4	0
57879	7.5	0
47572	5.7	1
40680	5.7	0
48763	9.6	1
56500	4.6	1
84170	3.8	1
47504	6.4	1
71949	3.3	0
70199	3.5	1
42897	4.2	0
76665	3.2	0
53337	3.4	0
38294	1.8	1
37659	3.2	1
83591	2.8	0
96924	2.9	0
56168	2.7	1
54504	1.8	0
74019	3	0
38777	4.4	0
31557	4.3	0
35880	4.4	0
55242	3.7	1
46786	3.9	0
68069	3.2	1
47482	2.8	0
120670	2.9	1
86896	2.7	1
98247	2.8	0
67923	3.9	0
47885	5.2	1
74421	3.2	0
72949	2.5	0
69214	2.7	0
61268	2.6	0
62149	2.6	0
38242	6.5	1
51457	2.6	0
85550	3	0
44704	1.8	0
48342	2	0
51802	2.6	1
66219	3	0
71306	2.8	0
41485	4.7	0
46690	2.4	1
53168	2.9	0
51132	4.1	0
60210	2.6	0
59500	3.7	0
50180	4.7	0
52576	3.7	0
55387	2.9	0
40064	5	1
68900	3.5	0
72121	2.9	0
52367	1.9	0
89034	3.8	1
42455	3.3	0
48308	4.9	0
63411	4.4	0
44171	4.8	0
81033	2.7	0
36869	4.6	0
46878	3.1	0
69458	3.5	0
40009	2.6	1
80078	2.2	0
64850	3.7	1
47869	2.4	0
53253	2	1
76366	4.1	1
91183	4	0
73037	4.2	1
76304	3.8	1
88709	3.5	1
67720	4.4	1
67790	4	1
65182	4.5	1
65467	3.8	1
54980	4.1	1
59821	3.7	1
82533	5.6	1
55433	3.6	1
51026	3.3	1
52804	3.4	0
51777	4	1
45075	3.3	1
57612	3.5	0
57200	3.4	1
38323	4.1	1
52724	4	1
41556	5.2	1
62835	3.3	0
70649	3.4	0
46195	3.7	0
37233	3.8	1
37148	4.2	1
55733	3.6	1
50644	3.5	0
58975	4	1
40297	3.5	1
42259	4.6	0
42186	3.8	1
38680	4	0
45426	4.4	0
36299	4.2	0
39169	5.3	1
44391	6.1	1
45884	4.5	1
39994	4.8	0
58361	3.4	1
38040	4	0
58228	4.3	1
39545	4	0
46332	3.7	1
42689	3.2	1
52447	3.5	1
56343	3.4	0
51046	3.3	0
39037	3.8	0
40814	3.8	1
38249	3.9	1
59587	3.4	1
44517	4.3	1
61592	3.5	0
52043	3.9	1
67094	2.6	1
66898	3.2	0
62779	2.9	1
42258	3.7	1
58037	3.2	1
50473	3.6	1
61735	3.6	1
53788	3.8	1
52226	3.3	0
51354	4.1	1
39578	4.8	1
81925	2.9	1
53377	4.4	1
69541	3.3	1
61652	3.4	1
67187	3.2	0
55324	5.1	0
38525	3.7	0
42307	3.8	1
45906	3.4	1
50285	3.7	1
58203	3.1	0
39225	3.8	0
58634	3.9	0
42781	4.3	0
36779	3.5	1
38775	3.8	0
38288	5.1	0
42727	5	1
55384	3.1	1
61413	3.3	0
57409	3.8	0
35020	5.9	1
39412	4.2	0
41390	4.5	1
46019	5.7	1
41874	4.5	1
36354	3.9	0
79658	3.4	1
43766	4.2	1
42785	6	0
48831	4	0
33393	4.3	0
56555	4.2	1
35841	3.4	1
52502	4	0
55807	3.4	1
40499	4.3	1
54165	3.7	0
46869	5.6	1
39513	4.1	1
82733	3.1	0
42112	4	1
30239	7.7	0
46059	4.9	1
37593	4.6	0
78603	3.4	0
39480	4.5	1
38633	3.8	0
82184	3.5	1
38827	3.8	1
70974	3.4	0
48004	4.2	1
36096	4.9	1
48779	3.6	0
68835	3.3	1
38441	4.7	0
63477	4	0
35636	5.2	1
37278	4.6	1
38806	5.1	0
60512	4.1	1
34984	4.6	1
38667	3.2	0
65793	3.3	0
39681	4.8	0
37574	5.9	0
37319	3.7	1
43439	3.9	1
95021	3.5	1
44906	4.3	0
105921	3.1	1
42904	3.8	0
70808	4	0
47757	4.2	1
42820	4.2	0
53906	3.7	0
49101	3.8	0
41002	3.9	1
54016	4.2	0
72008	3.5	1
51829	3.7	0
61631	3.2	1
31716	6	1
47662	3.9	0
74686	3.4	1
47171	3.6	1
46218	3.9	1
72970	4.1	0
60728	4	0
38156	5.6	1
68984	3	0
51241	3.5	0
37211	4.9	0
38274	5.3	0
31419	5.4	1
34849	4	1
55737	3.7	1
48323	4.6	0
41564	4.4	1
42114	4.8	1
66090	3.6	1
47685	4.3	1
46967	5	1
46428	4	0
41820	4.1	1
55583	3.6	1
42768	5.6	0
42513	4	1
32868	6.2	1
51338	3.5	1
39114	5.1	0
38886	5	0
42483	3.7	1
36788	5.4	0
59362	3.7	1
41834	5.7	1
57978	3.6	1
46810	5.3	1
46628	5.1	1
56598	4.5	1
99497	3	1
51105	3.7	1
73309	3.4	1
46525	5.1	0
65062	3.5	1
44389	3.8	0
66901	3.6	1
43679	4.2	0
40582	4.3	0
51205	5	0
33908	5.5	0
44213	4	1
28298	5.9	1
40168	5.1	0
59673	4.4	0
45378	4.7	0
39048	5.4	1
36869	5.3	0
43510	4.7	0
45850	4.5	0
33053	4.7	0
37562	5.9	0
37265	5	0
34090	5.1	0
41440	4.2	0
36310	6.5	1
34297	6.8	0
35290	6.6	0
41642	4.7	0
45680	4	0
37148	5.8	0
45853	5.5	0
35069	5.8	0
45234	3.7	1
33261	5.1	0
42054	5.9	0
45943	3.6	1
40965	4.4	1
43767	3.9	0
65416	3.6	0
38357	3.9	0
38352	5	0
39444	5	0
44607	4.6	0
38187	6.3	0
32691	7.4	1
51579	3	0
47074	4.7	0
35961	5.2	0
39361	4.6	1
48708	4.4	0
80527	2.4	1
56383	3	0
83695	2.3	1
78503	2.4	1
55524	2.8	0
66827	2.5	1
45311	5.5	0
51300	2.7	0
53780	2.9	0
48451	4.6	0
50941	2.7	1
76113	2.4	0
56837	4.2	1
51373	4.1	0
60444	2.4	1
47118	4.4	0
50050	3.2	1
53866	2.3	0
53381	3.1	0
61219	2.8	0
51804	2.2	0
48471	3	0
46417	6.7	0
47682	4	1
49344	3.3	0
58170	2.1	1
51155	2.4	0
49857	3.4	0
51302	2.4	1
40569	4.7	0
61927	2.3	1
54020	2.5	0
56188	3.5	0
49538	2.5	0
44248	4.5	0
44911	5.5	0
50464	3.4	0
41827	1.7	1
53447	2.5	0
54476	2.8	1
52602	2.2	0
48192	3.6	0
51835	3.6	0
51921	2.9	0
36085	5.7	0
68749	2.2	0
51594	2.7	0
43402	4.1	0
65063	4.3	1
55174	3.9	1
35249	7.9	1
54800	4.4	0
74507	5.8	0
55327	2.7	1
56099	5	0
56099	5.3	0
51963	4.5	1
52486	4.5	0
53251	4.4	0
52936	5.3	0
54092	5.2	1
45427	5.3	0
66597	3.6	1
47291	4.8	0
63347	4	0
52313	5.4	1
60572	4	1
63274	4.4	0
55300	5.1	1
56976	4.1	0
93540	3.1	0
51577	4.7	0
51280	4.5	0
60773	3.7	1
47484	5.3	0
55357	4.8	0
42071	6.1	0
51258	6.2	0
43330	5.8	1
47314	4.9	0
79348	4.7	0
53028	4.4	0
53553	4.7	0
41713	7.8	1
53632	5	0
58042	5	1
55247	4.5	0
41445	4.6	0
54552	4.9	1
47425	5.3	0
59117	4.9	0
56832	4.4	1
53884	7.8	1
79834	4.9	1
53884	5.4	0
93345	3.5	1
44553	5.3	0
87336	4.5	0
54063	5.8	0
43767	5.9	0
54915	4.4	0
59323	4.4	0
52959	4.7	1
42887	5.1	1
86268	3.5	1
67087	4.2	1
50684	5.6	1
53409	4.9	0
60121	4.5	1
46096	4.9	0
57422	5.2	0
48764	6	1
43783	7	1
74872	4	1
58384	5.3	0
88481	3.5	0
53138	5.9	0
48976	4.4	0
59901	3.8	1
61794	5	0
56478	5.5	1
49965	6	0
67460	4.3	0
47815	4.8	0
43053	6.1	0
38400	8.2	0
66319	5.2	0
53607	4.4	1
48152	4.7	1
52642	5.2	0
58222	5	1
40761	6.5	0
62242	4.3	0
52018	4.5	0
55198	5.4	1
56509	4.3	0
52651	6.3	1
47357	4.8	0
61508	4.9	1
49716	6.5	0
44638	6.2	0
53414	4.5	0
53532	4.2	0
66937	3	0
50471	5.6	0
49507	4.3	1
57197	4.6	1
86108	4	1
46187	5.1	1
72247	4.1	0
55725	3.4	1
56693	2.6	1
54473	3.2	1
63067	2.6	0
51649	3.2	1
45161	3.9	1
85876	2.7	1
60944	3.2	0
57092	3.3	1
48598	3.7	1
56774	3.4	0
52699	3.9	0
51730	2.8	0
44152	4.5	1
55434	2.7	0
66502	3.6	0
57441	3	1
58987	2.8	0
43096	4	1
62126	2.5	0
59251	2.6	1
47737	4.6	0
64992	3.3	0
53493	3.6	0
62251	3.7	0
52798	3.4	0
56960	2.7	0
45138	3.9	1
46835	4.4	1
101740	2.7	1
73831	3	1
60379	3.5	0
80834	2.9	1
50183	3.5	0
55365	4.1	0
53809	3.6	1
55518	2.8	0
66720	3.9	0
48392	3.3	0
51031	3.4	1
51560	3.6	0
69880	2.9	0
48606	3.3	0
57367	2.6	1
67498	2.5	1
55280	4.9	0
52095	4.4	1
53187	3.8	1
49522	3.9	0
48409	3.5	0
55766	3.2	0
55444	2.7	1
47624	4	0
48883	3.6	1
53700	3	1
66151	3.4	0
53060	4.3	1
61341	2.9	0
58022	3.5	1
44968	3.9	0
49731	4.4	0
49639	4	0
52332	3.7	1
54265	3.5	1
69298	3.8	0
68162	2.8	1
49730	3.1	0
54718	3.8	0
46441	3.9	0
57436	3.6	1
53271	2.9	1
54674	3.6	1
44913	3.9	0
57193	3.1	0
56862	3.3	0
49972	4.3	1
58295	2.7	0
47554	4.7	1
47713	3.9	0
52269	3.2	1
60896	2.8	1
50300	3.1	1
50500	3.2	1
49287	5.5	0
48335	4.4	0
51487	3.5	1
60596	3.2	1
75534	2.9	0
44534	3.5	1
45130	3.6	0
60010	2.8	1
67758	2.9	0
60071	2.5	0
54282	2.4	0
51577	1.9	0
53359	3.1	0
44298	3.3	1
51210	2.4	1
62799	2.7	0
52320	2.8	1
63099	2.1	0
74646	2	0
59724	2.6	0
52683	2.1	0
57971	2.7	0
54865	2.5	0
60531	1.9	0
50356	2.7	0
67597	2.4	0
51939	2.6	0
56312	2.2	0
64190	2.7	0
52541	2.8	0
56338	3.2	0
53968	3.2	0
51317	3.2	1
54828	3.4	0
87267	1.7	0
54830	2.7	0
41101	2.2	0
61342	2.1	0
51805	3.3	1
55603	3.2	0
60367	2.4	0
51497	2.7	0
50893	3	0
53811	2.7	0
59367	2.1	0
54658	1.9	1
51861	2.3	1
65060	2.5	0
60306	2.6	0
56738	2.7	0
60859	2.3	1
55303	2.8	0
60044	2.2	0
55856	2.5	0
53500	2.5	0
60166	2.5	0
60312	2	0
64188	2.1	0
54663	2.8	0
60378	2.6	1
46715	2.4	1
64387	1.9	0
55405	3	0
52122	2.9	0
55486	2	1
48241	4	0
64878	2.8	0
49585	2.6	0
49956	2	1
69048	1.5	0
74794	3.2	0
56492	2.5	0
63491	2	1
59552	4.4	0
64271	2.1	0
59558	1.9	0
50530	2.8	0
56541	2.9	0
49966	2.4	0
58465	2.6	0
53147	2	0
60627	1.9	0
54313	2.5	1
55322	2.2	0
66360	1.9	1
55865	1.8	1
68479	2.5	0
56337	2.3	0
56170	2.3	0
48754	2.8	1
56698	2.4	0
59865	3	0
58862	2	1
70162	1.8	0
57464	1.6	0
56954	3	0
47781	2	0
49887	3.5	0
47905	2.7	1
48226	3.4	1
78192	2.3	0
65849	2.3	0
46725	2.7	0
52093	3.3	0
54433	2.6	1
61807	2.7	0
60059	2.5	0
54802	2.6	0
58150	3.4	0
44423	4	0
50646	3.5	0
49332	4.6	0
47634	2.6	0
49991	3.3	0
41807	4.2	1
47529	3	0
65953	3.5	0
50981	2.6	0
41129	4	0
44475	3.8	0
43274	2.4	0
51235	2.4	0
52681	3.2	0
44467	3.5	0
58371	4.8	0
46818	2.5	0
47864	3.4	0
43852	4	0
44774	3	1
50605	3.5	1
50949	3.5	0
57120	3.1	0
46962	2.4	0
37360	3.3	0
53840	2.4	0
50261	2.8	0
56206	2.5	0
56052	2.6	0
58033	3.6	0
50856	4.8	0
49626	2.2	0
41906	3.2	0
61614	2.8	0
65771	2	0
51606	2	0
43083	3.6	0
51559	2	1
45570	2.9	0
57934	3.2	0
60808	2.2	1
54058	2.5	1
56330	3	0
69246	3.3	1
44271	2.8	0
87087	2.9	1
63248	2.4	0
56005	3.2	0
64399	2.4	0
44571	4	1
59240	2.8	0
70807	3.6	1
44439	2.5	0
47153	5.9	0
50267	2.2	0
47982	3.5	0
58017	2.6	0
51712	3.1	0
51066	2.6	1
67220	2.1	0
71770	3.6	0
51514	2.3	0
42479	4.3	0
49287	2.8	0
53785	3.3	0
59567	2.3	0
46176	4.9	0
51757	2.8	1
47252	2.1	0
53864	3.8	0
46101	2.6	0
56451	2.9	0
47039	3.2	1
47405	2.5	0
69975	2.8	0
52567	2.8	0
46638	2.1	0
49341	3.6	0
48566	2.7	1
51686	2.9	0
47057	2.9	0
47365	3.2	0
44121	2.7	0
45879	3	0
53961	3.1	1
63790	2	0
56381	3.8	1
50671	3.3	0
53612	3.5	0
50553	2.3	0
45966	2.8	0
41899	2.5	0
47835	2.7	0
60136	2.6	1
58817	2.8	0
56946	3.5	0
55345	2.6	1
48520	3.2	0
59744	3.2	0
51350	2.6	0
48104	2.7	0
59800	2.2	0
45697	4.4	1
47084	4.8	0
50189	4.3	1
37392	5.1	0
44624	3.7	0
60908	3.6	0
47658	6.9	0
42439	4.4	0
44183	6.7	1
29362	6.3	1
77696	3.4	1
48614	4	0
48020	5.9	1
47528	4.4	0
56432	4.9	0
31182	7.3	1
47284	5.4	1
61022	4.1	0
43048	4.9	0
43659	4.7	1
41873	3.9	0
60904	3.3	0
41249	4.9	0
47623	4.1	0
32906	9.2	1
34358	4.7	1
40299	5.2	0
50162	4.1	0
28146	7.1	0
31118	5.5	0
43624	5.2	1
33541	4.5	1
51441	4	0
43151	5.3	0
35446	9.3	1
35701	5.5	0
55358	3.3	0
42571	5.4	0
33218	6.6	0
53134	3.7	1
32355	5.8	0
49060	4.1	1
51203	4.4	0
53965	4.3	0
46785	5	0
40780	4.9	1
36782	4.3	1
49457	6.6	1
56769	4.2	0
52278	4.1	0
29521	7.4	0
51709	4.1	1
37038	4	1
51161	3.8	0
53405	3.9	0
44290	5.7	0
45512	4.4	1
35317	7	1
55860	4.1	0
59443	3.6	1
39381	6.9	0
64644	3.4	0
32228	6.9	1
30742	6.2	0
45458	4.4	0
41425	5.1	0
36667	7.2	0
29124	6.3	0
31921	7.1	0
32321	6.5	0
35751	8.4	0
42190	5	0
48182	6.8	0
46742	3.9	0
48395	5.1	0
48950	5.6	1
30029	6.3	0
48080	4.9	0
51897	3.9	0
30950	13.2	0
45661	3.8	0
52388	5.3	0
28925	6.5	1
41807	5.5	0
57613	4.6	0
34002	7.6	0
53921	4.5	0
35906	4.1	0
35596	4.1	0
46629	6	0
35848	6.3	0
43722	6.7	0
55602	4.3	0
41428	4.6	1
44751	5.7	0
102136	3.3	0
48998	4.9	1
26278	7.1	0
54583	4.1	0
33108	6.3	0
37124	5.9	0
37776	6	0
41541	5.1	0
45146	4.9	0
37732	4.9	0
41196	5.2	1
34648	5.8	1
73500	3.3	0
66056	3.5	1
51769	3.9	0
85899	3.6	0
45429	4.3	1
51027	4	1
49767	4.7	0
51674	4.3	1
47067	5	0
53478	3.7	0
50246	3.7	0
33701	7	0
47132	4.2	0
36863	5	1
66164	3.1	1
48021	4.9	0
40484	5.4	1
44395	5.6	0
77758	4.1	0
48120	6.7	0
37731	5.7	0
57005	5.3	1
34047	5.8	1
56754	4.3	1
40467	5.5	0
50531	3.8	1
40842	5.7	0
57299	3.5	0
35812	6.8	0
33659	5.2	1
35840	7	1
44457	5.7	0
52945	4.3	1
27714	10.3	0
45174	4.7	0
34113	5.8	1
34446	7.1	1
43502	5.9	1
42909	5.8	0
47917	6.2	1
40828	4.6	0
50871	4.4	1
44492	4.7	1
57821	4.5	0
52651	4.7	0
45742	4.4	1
36525	5.2	0
63088	4.1	0
28452	8.3	0
34023	8.2	1
36298	5.8	1
38855	5	1
44371	5.2	1
58643	4.6	1
46603	5.4	0
48116	5.3	0
36865	4.4	0
35103	6.2	1
36423	5.2	1
43983	5	1
67585	4.4	1
38699	6.6	1
53903	6.2	0
50830	5.7	1
36624	6.2	0
46229	5.2	1
39764	6.6	1
67054	4.2	0
47128	5.5	1
28962	7.7	1
51665	5	1
43584	5.7	0
48263	5.3	0
47664	6.6	1
36850	5.7	1
35070	6.1	0
58205	4.4	1
39332	9.2	0
40133	6.3	1
55579	3.4	0
49935	3.3	1
39450	4.8	0
71586	2.7	0
49561	4	0
52148	3.8	0
52154	3.2	0
56678	3.2	0
56211	3.3	1
44243	4	0
47840	3.8	1
40066	4.2	0
65969	2.7	0
43755	4.8	0
49482	3.5	1
65984	3	1
83076	3.9	1
43535	5.5	1
97051	3.3	1
75836	4	0
106270	3.5	1
56627	3.8	1
95956	3.2	1
72739	4.4	0
92616	3.9	1
48682	5.2	0
95196	3.5	1
49147	4.8	1
87959	3.6	0
116719	3	1
55514	4.3	1
107758	3.2	1
82445	4.1	1
93751	3.3	1
89964	3.8	0
42098	6.9	1
64245	3.7	1
62556	4.3	1
54313	5.2	1
50501	5.7	1
79817	3.3	1
69001	4.3	1
58375	4	0
66005	4.3	1
70224	4.6	0
76373	3.4	1
58992	3	1
52682	4.6	1
74456	3	0
100374	2.7	1
97525	4.4	1
100184	3	1
89678	3.5	1
71767	3.5	0
56640	4.1	0
39862	6.6	0
47441	7.8	0
62247	3.3	0
42792	5.1	0
56456	5.6	0
42540	7.1	1
43435	6.1	1
64121	3.4	0
50576	4.8	1
51905	5.5	0
51509	4.3	1
50477	3.7	1
48413	4.2	0
55978	4.1	0
54491	4.7	0
48589	9.2	0
47380	6.6	1
39394	6.1	0
70967	3.2	0
46930	6	0
49292	5.3	1
52348	3.8	0
66716	3.5	1
58891	5.9	0
48370	4.9	0
44635	5.6	0
39934	5.1	0
64591	3.7	0
48988	4.7	0
50388	4	0
42282	5.1	1
45817	4.6	0
52837	3.6	0
61667	3.4	0
41256	6.4	0
40959	5.6	1
47056	3.9	1
52047	3.9	0
55881	3.4	1
46068	5.9	0
61675	3	0
51641	6.9	1
36044	6.9	0
65209	5.2	0
67349	4.2	1
55762	4.1	0
84048	3.3	0
43196	6.2	1
46645	9.7	0
62191	4	0
47401	5.7	0
54093	4.9	0
51083	4.9	0
45804	5	1
46486	4	0
58057	4	1
48413	5	1
62522	4.2	0
50396	4.2	1
40650	8.6	0
49960	4.5	1
48860	4.3	0
80319	3.3	0
50374	6.1	0
41201	7	0
40798	7.8	0
45607	4.4	0
38927	6.4	1
51292	5.2	0
70420	2.8	0
45502	8	1
38613	7.8	1
48805	4.8	0
56557	4.7	0
52689	3.7	0
46184	5.1	0
44887	7.1	0
54149	4.3	1
51113	5.5	1
57363	4.8	1
72267	3	0
46396	4.7	0
70295	2.9	1
44016	5.6	0
82284	2.8	0
59440	3.6	1
47073	4.1	0
61341	3.5	1
51058	3.8	0
58132	2.5	1
60626	3.4	1
60412	4.1	0
104248	2.5	0
48651	5.1	1
53540	3.2	1
82814	3.4	0
65914	2.9	0
51475	8.1	0
54465	3.5	0
51788	3.6	1
53481	3.9	1
86403	2.5	0
75955	3	0
60979	2.8	1
52560	3.5	0
58761	3.1	0
52010	3.2	0
67039	2.7	1
54917	4	1
76067	2.5	0
59613	2.9	1
55687	5	0
73468	3.7	0
53143	5.4	0
57786	2.9	0
56950	5.5	0
60579	2.9	0
54438	2.9	0
46281	6.1	0
52445	3.6	0
61015	3.1	1
52058	3.8	0
67269	4.1	0
51305	3	0
57690	2.9	0
61959	3.1	0
43162	4.6	0
58105	5.8	0
50821	3.1	1
66557	3.5	0
53289	4.8	0
57471	4.7	0
53387	2.7	1
59938	3.7	0
66209	2.2	0
55766	2.6	1
48799	4.3	0
76001	2.3	0
53778	3.6	0
57494	4.2	0
50387	4.8	1
55378	2.9	0
60180	3.7	1
60975	2.6	0
62937	2.7	0
54412	5.2	0
56760	3.6	0
59787	3.9	0
67024	2.8	0
63503	2.3	1
60239	3.3	1
53833	3.7	1
101427	2.5	1
81850	3.2	1
66209	3.2	0
60843	2.9	0
65323	2.9	0
61929	2.4	0
51552	3.7	0
58113	3.9	1
49773	3.2	0
63633	2.9	0
46312	5.2	1
58335	4.1	0
95840	2.5	0
51962	3.5	0
61387	3	1
56076	2.6	0
56528	3	0
44740	4.8	0
33392	6.2	0
40010	4.1	0
38092	6	1
36761	5.7	0
35184	5.6	0
33116	6.1	0
39176	4.3	0
42588	5.5	0
37429	5	0
38479	4.8	0
29631	9.2	0
41495	5.6	0
38121	6	1
29380	6.8	0
38664	5.5	1
36083	4.4	1
68126	3.8	0
39061	4.4	0
39508	6	0
47246	6.4	0
42022	6.2	1
39633	4.3	1
49843	5	1
45355	4.5	0
44776	4.6	0
26449	8.9	0
28542	8.4	0
26936	9	1
45720	4.1	0
51771	5.5	0
36987	5.8	0
28024	13.3	0
31739	6.7	0
42435	4.8	0
33437	7.4	1
49381	3.9	0
58377	3.6	0
40077	5	0
40510	6	0
37212	4.9	0
51088	3.9	0
29244	6.8	0
43478	4.7	1
44348	4.8	0
75740	3.7	1
36408	5.1	0
40285	5	0
44681	4.9	0
36311	5.3	0
36236	4.9	0
40792	4.9	0
32167	6.7	0
39130	4.7	0
39198	5.9	1
45268	4.7	0
39687	5.9	0
33983	5.7	0
44297	3.9	0
41281	4.3	1
27767	7.6	0
66296	3.4	0
38034	3.9	1
28887	7	0
38173	4.5	0
46764	4.4	0
44622	5.4	0
31329	7.8	1
32692	5.3	0
48082	4.9	0
39833	4.3	1
41455	4.6	0
33143	5.3	0
46600	3.5	0
33566	6.5	0
46049	5.5	0
33991	7.1	0
37401	5.4	0
43349	5	0
29900	8.5	0
39498	5.6	1
33111	5.5	0
54412	3.2	1
40395	3.5	0
57459	2.7	0
49122	2.5	0
44340	3.1	0
42457	3	1
41583	3.1	0
45955	3.8	1
40025	4.5	1
44233	3.6	1
55136	2.3	0
52506	3	1
38067	4.6	1
47591	3.1	0
53970	2.9	1
48580	4.2	0
51962	2.8	0
47049	3.1	1
34134	5.1	0
71374	3.1	0
37288	3.4	1
48421	2.8	0
58057	2.6	1
46832	3.9	1
68943	2.9	1
58641	3.2	0
62817	2.5	0
52513	3.1	0
42774	3.9	1
41381	2.7	0
38765	3.9	1
51255	3	0
48920	3.1	0
39392	3.3	0
36762	4.6	1
37331	5.5	0
58738	3.1	0
52282	2.9	1
43731	2.4	0
44799	2.6	0
40315	3.6	0
40639	3.1	0
44978	3.6	0
35025	4.1	0
47191	2.4	0
45767	2.8	0
36762	3.6	1
37755	5.4	1
55864	3.7	1
46596	2.7	0
65150	3.1	0
52151	3.7	0
39309	2.8	1
44562	3.7	0
53389	3.2	0
45074	3	1
48179	2.8	0
62238	3.3	0
44992	4.7	1
48749	2.5	0
40204	3	0
45440	2.9	0
40191	3.6	0
46371	3.3	0
49393	3.1	0
46014	3.1	0
47225	3.7	1
34735	3.8	0
57047	3	0
46216	3.6	0
48951	2.9	0
45276	4.3	1
38093	4.8	0
49220	3	0
46698	2.9	1
32720	3.5	0
58855	2.4	0
34367	5.2	0
31831	5.5	0
53871	2.3	0
45254	4.1	0
43079	3.1	1
43591	3.6	1
82567	2.6	0
45336	3.6	0
52532	3.6	0
40866	3.4	0
57549	2.8	1
44975	3.8	0
58693	3.6	0
36592	3.1	1
32802	5.2	0
82048	2.5	0
37013	4.4	0
59043	2.8	1
45584	3.7	0
66992	3	0
43776	3	0
39463	4.1	0
42053	2.9	0
44261	3.4	0
32715	5	0
44564	3	0
40808	4.4	0
46026	4.7	0
41978	3.1	0
40887	5.2	0
34824	4.1	1
42552	3.1	0
62056	2.8	0
38591	4.4	1
33703	4.8	0
51141	3.1	0
43119	2.8	1
43263	3.8	0
55248	3.7	0
47674	3.1	0
40425	9.6	0
39237	4.3	1
52840	4	0
53661	3.5	1
47985	2.5	0
50054	3.6	0
44645	3	0
50525	3.1	0
44659	2.2	0
56167	2.7	0
45641	3.6	0
62029	1.9	0
49147	3.7	0
54382	4.8	0
67569	2.5	0
44580	2.7	1
37719	7.8	0
38782	4.6	0
48410	5.4	0
50136	3.6	0
68381	3.8	0
50197	3.4	0
44833	4.3	0
63860	3.3	0
42742	2.5	0
40602	7.4	0
43650	1.8	0
53031	3.5	0
44572	3.9	1
43458	7.2	0
56207	3.3	0
43371	4.3	0
61044	3.8	0
41009	4.2	0
44730	4.5	0
42890	4.1	0
47378	2.9	0
48966	4.1	0
42754	3.7	0
50055	4.2	0
67242	3.1	0
40179	4.6	0
57674	5.3	0
39861	6.4	0
51690	2.4	0
47302	4	0
66226	3.4	0
52747	3	0
48368	3.4	0
46326	2.6	0
50774	3	0
48390	3.1	0
38449	5	1
59975	3.3	0
59724	2.8	0
55167	2.9	0
55371	2.4	0
46862	5	0
53865	3.4	0
44467	4.6	0
51911	2.2	0
57952	2.8	0
42431	3	0
46191	3.3	0
59193	2.3	0
57548	3.3	1
57208	2.3	0
75177	3	0
64570	2.3	0
54866	2.2	0
49782	2.1	0
53132	2.8	0
56259	3.1	0
55787	2.3	0
59219	2.5	1
49995	2.1	0
55522	3.5	0
47487	2.7	0
56818	2.8	1
47097	3	0
54635	3	1
51682	2.7	0
64580	3.1	0
48574	2.2	0
56697	2.5	0
48778	3	0
43650	2.5	0
49685	2.6	0
49931	3.2	0
39192	2.3	0
46245	2.4	0
59722	2.5	0
56724	2.6	1
45221	2.6	1
53792	3.2	0
60608	2.5	0
49321	2.3	0
47047	2.2	0
43880	3.4	0
55965	2.6	1
46220	3.7	0
52292	3	0
47075	2.5	0
52401	3.6	0
64456	2.1	0
52086	3	0
48429	2.2	0
46986	2.6	1
47906	3	0
58618	2.5	0
56803	3	0
55531	2.8	0
47797	3	0
53207	2.5	1
55226	2.5	0
56493	2.8	0
49151	2.7	0
47279	2.4	0
52069	3.4	0
46954	2.6	0
60734	2.8	0
45487	2.5	0
57251	1.9	0
59003	2.2	0
57367	2.6	0
63656	2.6	0
59815	2.3	0
49034	2.4	0
47573	3	0
48260	2.4	1
54569	3	1
79358	2.7	0
67897	2.7	1
50247	3.2	0
71024	2.6	0
43819	2.6	0
47499	2.6	0
50861	2.6	0
66228	2.5	0
51299	2.2	0
48275	3	0
45405	4	1
48604	2.9	0
77838	2.8	0
55970	2.4	0
45058	2.8	0
61478	2.5	0
58740	4.6	1
58429	3.9	0
57155	4.8	0
70495	4.3	0
79134	3.3	0
50179	4.8	0
70036	2.7	0
72873	3.4	0
79278	3.7	0
55504	4.5	0
59732	5.4	0
44438	5.5	0
47031	5.7	1
42522	4.1	1
68236	4.4	0
63636	3.6	1
56382	4.7	0
75322	2.5	0
64777	2.5	0
59413	2.5	0
60251	2.5	0
44259	3.2	1
65163	2.1	0
78714	2.6	1
74351	2.2	1
93645	2.8	0
60034	2.1	1
81777	4.1	1
60826	5.9	1
100181	3.4	1
84470	3.8	1
67135	4.6	1
62175	8.4	1
51790	6.5	1
62875	5.2	1
81315	4.2	1
73337	3.9	1
112335	3.3	1
79979	3.7	1
87666	3.6	1
99223	3.7	1
112396	3.3	1
68483	4.3	1
71959	5.1	1
64524	5.4	1
119731	3.4	1
92284	4	1
77571	3.8	1
47405	4.9	0
51372	4.5	0
34777	6.4	0
43527	4.9	0
38097	6.3	0
41592	4.9	0
47202	4.1	1
35087	4.6	0
38409	5.7	0
58320	3.3	0
38341	4.9	0
29515	5.5	0
37544	5.3	0
39882	3.8	0
51656	4.1	0
45095	4.6	0
124947	3.4	0
30570	11.9	0
33976	7.1	0
34491	6.1	0
42701	4.9	0
33085	4.8	0
41511	5.2	1
41700	4.3	1
57036	5	0
46578	5.8	1
35292	5.9	0
60187	4.1	0
31741	7.1	0
33989	5.3	1
38405	6.5	0
39123	7.6	1
46365	5.5	1
67648	4.1	0
64536	3.7	1
46262	5.6	1
38566	5.7	0
50928	4.9	0
48017	5.3	0
52945	4.5	1
45689	5	0
52565	4.7	0
50312	4.7	0
55517	4.4	0
64916	3.3	0
51751	5.1	1
47382	4.8	1
79604	3.7	0
56375	4.4	0
54376	4.9	0
48722	5.2	0
51388	5.1	0
58925	4.2	0
54514	4.5	1
59020	6.8	1
53168	4.9	1
52798	5.6	0
60862	4.2	1
52660	5.5	1
61027	4.3	1
59114	4.8	0
60240	4.3	1
43799	5.1	1
115301	3.5	1
84610	3.7	1
55013	5.2	1
54096	4.4	1
59786	4	1
62930	3.9	1
75048	3.9	1
52658	4.9	0
53745	5.5	1
54321	4.3	1
100887	3.7	1
68432	3.6	1
71084	3.9	1
79719	4.1	0
88960	3.7	1
49356	5.6	1
83210	3.5	1
63297	4	0
57757	4.8	0
50190	5.1	0
54184	3.9	1
54862	4.9	0
100075	3.9	1
51985	4.1	1
60309	4.4	1
57383	3.6	1
63073	3.9	1
56694	4.6	1
55913	4.1	1
61118	4.2	0
94521	3.9	1
51089	3.8	1
53922	3.9	1
50480	3.7	0
49138	3.2	0
39735	4.5	0
38023	4.5	0
41864	3.6	0
41701	3.6	0
46411	4.6	0
35433	4.9	1
36976	5.3	1
60163	5.2	1
53960	3	1
44946	3.6	1
69297	3.6	0
43328	3.8	0
65955	3.7	0
55052	4.3	1
45517	4.4	1
53738	3.5	0
73703	3.3	0
41262	4.4	0
42618	4.4	0
42878	4.3	0
42728	4	1
36862	5	1
50748	4.2	1
46779	5.1	0
64426	3.6	1
64768	5.1	1
47758	3.7	0
60801	3.4	1
42725	4.3	1
59329	3.5	1
38818	6.8	1
50112	3.8	1
57710	4	1
52798	3.9	0
51746	4	0
39502	5.9	0
58956	3.4	1
43591	3.9	0
52166	4.1	0
36760	6.1	1
51225	4.6	1
47183	3.4	0
54012	3.2	1
38216	5	0
47892	5	1
40653	8.3	0
60044	3.6	1
44502	4.1	1
60296	3.6	0
43302	4.2	0
48984	4.3	1
40433	4	0
62963	3.4	0
43972	3.4	1
46426	3.9	0
44693	3.6	1
43569	5	0
64509	3.7	0
43967	4.5	0
47757	4	1
59471	3.8	1
50122	5.1	0
53419	3.7	1
37233	5.1	1
50531	4.7	1
71920	3.3	0
46447	4.1	1
46355	4.8	0
54900	4.1	1
48337	4.8	1
50149	4.1	0
43303	4.2	1
50467	3.7	0
48372	3.7	0
38514	5.5	1
35407	5.9	1
41869	4.5	0
46864	3.9	0
42831	5.1	0
42807	4	0
36730	7.4	1
51491	3.6	0
50826	3.6	0
46342	3.5	0
43121	4.3	0
51398	3.8	1
36765	6.3	0
80428	3.4	1
40263	5.7	0
80169	3.4	0
38430	5.9	0
36042	5.9	1
48489	3.5	0
41572	4.3	0
44080	3.7	1
44015	6.1	0
44756	3.6	0
65250	2.6	0
53162	2.1	0
54984	2.7	0
42407	3.9	0
76235	2.8	0
59161	3.3	0
62270	1.9	1
63261	2.4	1
72277	2.6	0
63885	2.3	0
60314	2.6	0
53286	1.8	0
58715	1.3	0
66383	1.6	0
51327	4.9	0
47976	4.8	0
58096	2.6	1
58075	2	0
54311	2.3	0
41295	2.6	0
54250	2.3	0
51455	2	0
45401	4.4	0
54514	1.9	0
50141	2.6	0
54795	3.9	0
47288	2.7	0
76224	1.7	0
64524	3.3	1
82303	4.2	0
68043	3.3	0
67162	1.6	1
50093	3.4	0
68243	4.1	0
58766	3.9	0
47360	3.2	0
54814	2.9	0
61634	1.9	0
60205	2.4	0
61174	2.6	0
42021	9.4	0
64756	1.9	1
39439	4.7	0
37002	4.1	0
49843	2.3	0
71888	2.4	0
66929	2	0
57002	2.5	0
51848	2.6	0
59931	2.6	0
59705	3.2	0
63938	2.9	0
79354	2	0
56155	4.6	1
42154	7.1	0
50301	4.5	0
54362	4.6	0
46950	5.3	0
40416	5.8	1
63754	3.3	1
48989	5.5	1
55334	5.4	1
61053	4.1	0
50002	5.3	1
57701	3.8	1
50089	4.6	0
65280	4.1	0
53947	5.3	0
44938	5.2	0
46420	6.2	1
44715	5.2	0
50006	5.2	0
53853	3.9	1
56740	4.4	0
103536	3.4	1
53135	5.6	0
67654	4	1
47733	4.1	1
60383	3.8	0
62800	4.4	1
43785	6.1	1
84093	4.3	0
68380	4	1
44623	5.5	0
57300	4.1	0
61579	3.4	0
49580	4.4	0
50301	5.3	0
57705	4.9	1
49161	5.5	0
50568	5.1	0
60828	3.3	0
55202	5.9	1
44726	6.6	0
42821	6.3	1
56885	4.3	1
65883	4.7	1
43031	5.6	0
66145	4	1
61699	3.7	1
59265	5.4	1
47865	5.3	1
61645	3.8	0
48010	5.9	1
45419	4.4	0
76475	4.3	0
44286	7.3	1
62782	2.8	0
59922	3.9	1
46314	7.8	0
51071	4.5	1
40557	6	0
60452	4.5	0
49586	5.3	0
48792	6.7	0
58345	6.3	1
53876	4.1	1
51534	5.6	0
58742	4.3	1
45163	6.5	0
63689	4.6	0
53904	4.1	1
64304	3.4	0
49668	4.9	0
49385	4.6	0
53978	4.5	0
41267	6.8	0
52165	4.4	1
63398	3.8	1
52310	4.9	1
58890	4.7	0
47424	6.2	1
51030	4.6	0
84861	3.5	0
54331	3.5	1
43457	6.2	0
87391	3.9	0
50904	5.6	0
59142	3.6	1
54581	3.6	0
55995	3.2	0
51914	3.4	0
35156	4.2	0
52952	2.2	0
39702	4.1	0
52550	2	0
47825	2.6	0
49513	2	0
43445	3.1	1
48533	3.6	0
70942	2.8	0
48660	3.5	0
42913	4.2	0
35308	5	1
46777	1.9	0
62343	2.9	1
39396	3.8	1
51382	3.9	0
43386	3.1	1
43074	3.5	0
54478	3.8	0
49577	2.4	0
40287	3.9	0
50728	1.9	0
51867	2.2	0
52387	3	1
47858	3.3	0
56489	3.1	0
49073	2.1	0
37445	4	0
38537	2.9	0
55112	2.3	0
37776	5.1	0
37566	4.2	0
47747	3	0
37338	3.4	0
39756	2.9	0
45700	4.7	0
59266	2.1	0
37831	4.2	1
38284	6	1
38709	4.6	1
48039	3.5	0
69114	3	1
48725	2.1	0
65831	2.8	0
37390	5.5	0
37468	5.9	0
56102	2.1	0
42258	3.8	0
50951	3.4	0
50031	2.9	0
43911	4	0
54210	2.6	0
45734	4.2	1
37545	4.8	1
52346	3.3	1
42354	4.9	0
48826	4.3	1
38194	3.5	0
46949	4.1	0
47748	2.9	0
42376	3.9	0
48450	3.1	0
48499	3.7	0
37026	5.2	1
53871	2.4	0
61849	3.3	1
37901	4.7	0
38998	4.3	0
46512	3.9	0
51812	2.8	1
41186	3.7	1
55796	3.3	0
62889	3.3	0
53992	3.9	0
47484	3.1	0
55134	2.8	0
63168	4.2	1
45972	5.5	1
63600	3.2	0
81061	3.8	1
53806	4.1	0
63338	5.1	0
48352	5.4	0
51348	6	1
48788	6.1	0
67372	4.2	0
47020	5.4	0
54325	3.9	0
46141	7.3	0
43370	6.2	1
66607	3.3	0
55511	4.8	1
50376	5.5	0
46578	5.5	0
45374	6.4	1
44847	5.7	0
53161	4.5	1
49265	4.9	0
54292	4.7	1
42624	4.6	0
56408	4.3	1
55343	4.3	1
70756	3.7	0
62389	4.4	0
58838	4.1	0
52486	4.4	0
53917	4.9	0
50616	5.4	0
48137	6.1	1
52269	4.3	0
82819	3.5	1
61776	3.8	1
60891	4.3	1
62877	3.3	1
59881	4	1
49436	5	0
54823	4.5	1
50257	4.5	1
62519	4.2	0
49244	4.2	1
50978	4.4	1
88538	3.7	1
67161	3.9	0
45163	5.2	1
41770	5	1
53901	5.1	1
58258	3.2	0
99224	3.2	0
46284	4.7	0
46706	5	1
50999	5.3	0
50774	4.8	1
50805	4.7	1
71695	3.3	1
57979	4	0
71961	4	1
54876	3.9	1
48453	4.7	0
50381	5.8	1
41750	6.2	0
60744	3.7	0
52277	3.9	0
50956	4.9	0
49019	5.3	0
47999	4.9	0
46751	4.6	1
54342	4	1
52872	4.6	0
66270	3.4	1
48418	5.1	1
61087	3.8	1
62139	4.6	1
53469	5.4	0
53820	4.8	1
46529	4.8	0
48788	4.7	1
47648	4.7	1
63318	5.4	1
90155	3.4	1
61314	3.5	0
68217	4.4	1
47243	5.2	1
62366	3.7	1
46149	5.5	0
62657	5.4	0
44883	5.3	0
48809	5.2	0
56991	3.9	0
50504	5.1	0
48998	5	0
52573	4	0
48799	5.2	0
55679	3.7	0
45761	4.9	1
50554	4.5	0
63119	4.3	1
53602	4.7	1
58398	4.4	1
65238	3.9	1
63787	4.1	1
80231	3.5	1
69089	3.7	1
77760	3.5	1
86715	3.6	0
52449	3.4	1
42412	4	0
52633	3.3	1
29124	5.8	0
51740	3.3	0
36230	6.5	1
38131	4.8	1
65843	3.2	1
62204	3	1
45385	4.2	0
62958	2.8	1
42542	3.6	0
42116	4.8	0
39046	3.3	0
36722	4.7	1
39079	4	0
37206	4.1	1
33159	4.8	1
65468	3	1
48818	3.5	1
39522	6.2	0
47949	3.7	1
46058	4.5	0
61162	2.9	0
43879	3.6	1
35871	3.5	1
49082	4.2	1
43125	3	1
52270	3.5	1
58035	3.8	0
42099	3.6	1
33199	4.6	0
60627	2.9	0
44683	3.6	0
34365	5.5	0
33534	5.1	0
48029	3.1	0
50529	3.3	1
37134	5.8	1
48794	3.4	1
52611	3.4	1
46019	3.1	1
53567	3.1	1
45181	4	0
40686	4.1	1
64904	3.3	0
57041	3	0
53107	2.9	0
49712	2.6	0
37071	4.5	0
50278	2.5	0
62109	2.8	0
60082	2.8	0
49732	2.7	0
25973	5.9	0
44388	3.3	0
45737	3.9	0
47412	3.2	0
48517	4	0
46378	2.9	0
55580	3	1
34024	4.1	0
58806	4	0
51724	2.6	0
48023	4.2	0
55404	4.4	0
41942	8.8	0
55159	2.7	0
58977	2.7	0
46782	3.9	0
49068	3	0
59813	3.2	0
40583	3.3	0
51801	2.6	0
65776	3.1	0
52568	2.3	0
63772	4.6	0
55017	2.5	0
70093	2.6	0
54434	2.8	0
52496	3.1	0
34122	4.9	0
47689	2.5	0
49609	2.7	0
54609	2.9	0
60733	3.4	1
51774	2.9	0
84889	2.3	1
47429	4.1	0
59913	2.5	0
39850	3.8	1
56862	3.8	0
59524	3.3	0
32780	4.9	1
50123	2.8	0
60033	2.6	0
57392	3	1
31662	10.3	0
58738	3.1	0
55626	2.9	0
54722	3.5	0
44709	4.3	0
54874	2.9	0
50590	3.5	0
69991	2.6	0
59457	2.6	0
31876	6.2	1
45710	2.6	1
62792	2.7	0
80698	3.2	0
48394	4.9	0
32341	5.1	1
52366	3.5	0
50672	3.8	0
49860	3.7	0
38940	4.9	1
40195	5.8	1
57939	3.2	1
50427	3.6	1
39443	4.8	0
51859	3.2	1
42025	4.9	1
39202	4.1	1
63241	2.7	0
47508	3.8	0
37987	4.2	0
34238	5	0
36192	4.7	1
49494	3.4	0
44431	3.9	1
46527	4.4	0
60799	2.6	0
42905	4.8	1
47420	4.4	0
56166	3	1
44302	4.6	0
59529	3.7	0
36687	4.2	0
50201	3.4	0
42720	4.5	1
48024	3.7	0
41829	4	0
44366	4.6	1
36317	4.4	1
44040	3.8	0
57196	3.4	0
30691	5.1	0
37834	5	1
37690	4.4	0
42188	4	0
39574	5.4	0
43491	4.7	1
43159	4.2	0
44684	3.2	0
44688	5.5	0
48056	4.3	1
37563	4.7	0
49611	3.8	1
35778	3.5	0
55874	2.9	0
33709	5.2	0
38849	5.8	0
43651	4	0
40541	4.4	1
51249	3.1	0
58186	3.4	0
46029	4.1	1
39859	5.4	1
42265	3.2	1
46651	3.8	0
50819	4.7	1
51868	3.4	0
57337	3.2	0
50565	4.5	1
45566	3.7	0
56102	3.8	1
58234	3	0
40397	4.5	0
42532	4.9	0
42149	3.8	0
41960	4.3	1
40182	3.8	0
41968	4.2	0
45512	3.6	1
44132	5.6	1
54440	4.1	1
66006	3.1	0
64170	2.7	1
35685	4.3	0
49707	4.3	1
47202	3.5	1
47924	4.2	0
50704	3.1	1
46565	5	1
46024	3.7	1
66171	2.8	1
60874	4.2	1
49280	3.3	1
43688	4.9	0
40322	4.1	0
38265	4.7	1
42475	3.9	0
49242	3.5	0
38879	4.9	0
42351	4.2	1
42603	3.7	1
76507	2.8	0
60632	3.9	0
45969	3.1	0
84946	2.4	1
46653	4.4	1
46912	5.7	1
61190	3.1	1
57210	2.8	1
50594	3.8	0
59942	3.6	1
45051	4.4	1
53008	3.4	0
61883	3.4	0
41180	3.3	1
41806	5.1	1
54292	4.1	0
54210	3.3	0
64832	2.6	0
66101	3.2	1
48460	3.7	1
47339	4.9	1
74225	4.5	0
50113	2.8	0
45670	3.4	0
44409	3.9	0
30116	6.5	1
47097	3.7	0
53626	3.6	1
56696	2.9	0
52588	3.6	1
52085	4.1	1
50330	3.4	0
38106	6.2	1
43714	4.9	0
64799	2.8	0
44154	5.1	1
45689	2.9	0
89513	5.4	0
43483	4.1	1
42291	2.5	0
58356	3.2	0
42873	4.2	0
44804	3.4	1
39484	4	0
96936	3.3	0
39536	3.2	1
48258	3.3	0
76523	3.2	0
52251	3.6	0
40987	3.6	1
52047	3.1	0
48099	4.1	0
38304	4.3	0
61987	3.8	1
49117	3	0
37911	4.5	0
42164	3.2	1
50587	2	0
59838	3.7	0
43726	4.3	0
44230	2.8	1
44410	3.4	0
88384	3.2	0
49208	3.1	0
39627	4.2	0
37177	3	0
40945	3.4	0
35156	5.3	1
44773	3.4	0
60431	2.7	1
37812	2.8	1
76792	3.3	0
43948	4.2	1
47087	3.1	0
37428	3.9	0
53111	3.1	0
55776	2.8	0
45261	3.3	0
39891	5.2	1
37648	2.9	0
92310	4	0
48222	4.1	0
49317	5.8	0
41038	2.9	1
56321	2.6	0
71959	4.6	0
46490	3	0
61433	2.5	1
83330	2	0
55008	3.8	0
49829	3	1
49121	3.9	1
51403	3.2	0
50610	4.1	1
49498	4.1	0
73864	3.1	0
42782	4.8	0
32597	4.3	0
49210	3.3	0
57240	2.3	1
42469	3.6	1
60909	5.2	0
60241	4.4	0
50131	4.4	0
72451	1.8	1
40880	3.8	0
68180	3	0
66849	2.1	1
43337	3.7	0
38785	6.6	0
48670	3.6	1
46764	3.1	0
60917	3.7	0
52079	3.4	0
39533	3.7	1
50423	3.3	1
42671	4.7	0
53360	3.8	1
54351	5	0
56775	3.1	0
48780	2.5	0
54088	3.3	0
47551	6.5	1
51343	3	0
48121	6.3	0
36176	5.7	1
41919	5.4	1
62635	3.4	0
43903	4.8	1
48743	2.8	1
67434	3.5	0
90937	2.9	0
42153	3.7	0
47625	2.4	0
53704	3.2	0
42503	3.1	0
57925	2.8	0
43192	4.7	0
42605	5	0
39726	3.6	0
45767	3.8	1
42700	4.4	0
55151	3.7	0
40072	2.4	0
51128	3.2	0
55834	3.1	1
47065	5	0
52577	5.8	0
43226	4.7	0
57332	2.7	0
48814	3.8	0
54019	3.7	1
78637	3.9	1
50377	3.1	0
43436	3.2	1
42719	3.3	0
48858	3.6	0
64633	1.9	0
45445	4.4	1
38011	4.6	0
56484	2.4	0
49560	3.1	0
48830	6.1	1
35594	8.1	0
59304	3.5	1
35881	4	0
80189	2.1	0
46720	5.5	0
47068	3.5	0
48529	4.4	1
50542	3.2	0
77598	3.8	0
53785	2.7	0
41418	6.6	0
41009	3.6	0
45357	3.9	1
46259	3.7	0
43367	6.6	1
42522	3.3	0
53034	4.7	1
49845	2.8	1
56590	2.6	0
56556	5.7	0
46067	3.4	1
51192	4.2	0
73718	3.1	0
50539	2.3	0
47008	3.6	1
46017	5	0
41912	2.9	0
37738	7	1
47572	3.5	0
69600	2.6	0
65273	2.5	0
39506	5	0
42233	5.4	0
45341	2.1	0
44821	4.7	1
67470	3	1
44917	4.1	0
102858	3.2	1
42205	3.1	0
49788	4.1	0
40641	7.9	0
38826	6.5	1
47028	5	0
53559	6.3	0
43827	3	0
47317	2.9	0
53059	3.4	0
57126	2.3	0
41961	4.3	1
57052	2.7	1
56848	3.6	0
63929	4.2	0
30490	10.1	0
43115	3.6	0
59064	3.3	0
46915	3.5	0
54774	3.8	1
43084	4.3	1
66059	3.5	0
48040	3.2	0
41413	3.4	0
41268	4.1	0
42701	3.4	1
45604	5	1
51393	3.2	0
76255	2.8	0
40486	5.1	1
44041	6.6	0
48554	4.2	0
53867	3.4	0
39725	4.3	0
44276	4.3	1
51152	3.5	0
51646	3.8	1
43681	4.2	0
59807	4.3	0
53621	2.6	1
54332	3.7	0
44919	3.8	0
48040	3.7	1
48018	3.2	0
47477	3.4	0
44735	4.1	1
33171	9.9	1
87817	3.1	0
71207	3.1	1
56781	2.8	0
66387	3.4	0
48384	4.2	0
61560	2.8	0
49301	3.2	0
30076	9.5	0
71381	3.1	1
55940	3.5	1
62689	3	0
60315	2.7	0
51394	4.5	1
58910	4.4	0
84381	2.9	0
60767	4.6	0
54213	4.8	0
51028	7.8	0
50750	4.8	1
51393	3.6	0
65379	3	0
52355	3.2	1
58644	3.3	0
98875	2.8	0
40387	5.4	1
60695	3.3	0
73619	3	0
42982	6.2	0
52910	3.7	0
54339	3.6	1
105374	3	0
73584	3.5	1
63631	4.7	0
75296	2.8	1
85380	3.1	0
57069	3.4	1
68106	3.5	0
60917	2.7	0
68878	2.6	0
52510	3.1	1
50368	3.3	0
74240	2.1	1
43671	3.6	1
61129	2.5	0
67746	3.2	0
60230	3.5	0
62300	2.7	0
48688	4.4	0
51723	3.1	0
61808	2.6	0
57438	2.3	0
72600	3	1
42879	3.8	0
80392	2.7	1
46538	3.8	1
57280	3.2	1
50580	3.3	1
51131	3.6	1
120950	2	0
60556	2.7	1
50564	2.5	0
61186	3.1	1
47681	3.2	0
71874	2.7	0
41803	4.9	1
32144	5.5	1
45889	4.4	1
51525	3.3	0
67335	3.5	1
41517	3.6	0
56872	3.9	1
41382	3.7	1
80734	2.9	1
84021	2.9	1
50858	3.5	0
72111	2.8	0
46300	3.3	1
35047	5.2	0
57257	3.5	1
50785	3.9	1
122035	2.4	1
93462	2.6	1
48315	2.7	1
73463	2.5	1
53522	3.1	1
77684	2.6	1
50591	3.3	1
70938	2.7	0
89331	3	1
37550	3.1	0
67498	2.5	0
43533	3.7	1
43096	4.1	1
91028	2.6	0
68581	3	0
36471	3.7	1
45089	2.7	1
72993	3	0
86541	2.9	0
51124	3	1
86619	2.9	0
68724	2.9	0
52814	4.3	1
34796	4.1	0
140382	2.5	0
63714	2.7	0
41421	3.2	1
60450	2.4	0
61764	3	0
44832	4.1	1
54871	2.6	1
52538	2.9	1
56690	3.1	0
90858	2.7	0
43157	5.4	0
55418	4.4	0
46368	3.1	0
63681	3	0
49073	4.2	0
42862	3.9	1
44710	3.6	0
88475	2.7	1
48450	3.8	1
68133	3.6	1
106200	2.7	1
50834	3.5	0
71035	2.7	1
49399	3.1	0
68734	2.7	1
53413	3	0
61375	2.6	1
38966	4.3	0
40161	3.2	0
55283	2.8	0
40972	4	1
52741	2.8	1
86695	3	0
108421	3	1
54663	3.5	0
43031	4.9	1
42074	4.4	1
65635	3.1	0
45510	3.4	0
51414	3.6	0
38045	5	1
46345	3.7	1
86317	2.8	1
99425	2.2	0
36903	3.7	1
43390	3.1	1
56997	2.5	1
78846	3	0
56800	3.3	0
40504	4.6	0
36015	5.1	1
36908	4.7	1
105532	2.3	0
137551	2.1	1
37327	4.4	0
58448	3.5	1
36571	3.5	1
54763	4	1
42640	3.5	0
42568	4.8	1
48726	4.7	1
43200	4	1
79141	2.7	0
77032	2.7	1
33892	4.6	1
50283	3.6	0
48519	3.6	1
34442	3.9	1
37049	6.1	1
96057	2.7	1
47343	4.1	1
39254	3.7	1
48747	3.5	1
42715	3.2	1
57274	2.9	1
47319	2.9	1
69753	3.2	1
76520	2.9	1
47117	3.2	1
51456	2.9	0
74023	4.5	1
52012	5.4	1
49776	4.4	1
69212	5.2	0
57243	4.5	1
57183	6.4	1
73971	4.8	1
53700	5.6	1
58624	5.9	0
65912	5.3	1
40468	11.7	0
60483	6.1	0
50185	5.8	0
53688	6.2	0
48763	6.7	0
65987	5.2	1
55893	5.8	1
94822	3.5	0
76530	4.6	0
55624	5.3	0
56503	5.7	0
57019	6.3	0
53326	4.9	0
58239	6.3	0
48345	6.4	1
46365	6.9	1
49750	7.2	0
75022	5.2	1
62249	3.9	1
70955	5.2	1
64344	5.6	1
87096	3.8	1
59408	5.2	1
51183	7.1	0
72400	4.8	1
55692	6.5	1
57329	4.7	0
62262	4.7	1
51377	6.3	0
44038	5.3	1
39776	6	1
59619	4.1	0
38110	6.1	1
39292	7	1
48342	6.1	0
39790	4.7	1
36384	10.4	0
35983	8.4	1
44725	4	0
37867	6.4	0
38173	6.3	0
42146	5.7	1
37665	5.1	1
44442	4.2	0
47299	5.9	0
43573	5.5	0
47942	4.5	1
48731	4	1
75027	3.3	0
41926	5.2	1
40691	5.7	0
39766	6.9	0
34894	7	0
27292	9.4	1
46244	5.7	0
50064	5.8	0
43050	7	1
37860	6.3	0
48578	5.5	1
32917	7.6	0
51070	4.1	0
38171	4.8	0
49487	4.3	1
38572	6.4	0
48689	4.6	0
40415	3.8	0
50768	6.4	1
39467	6.2	1
47101	5.2	1
61995	4.9	0
41298	5.3	0
40064	5.5	0
43717	5.3	0
36658	7.9	0
34768	6.1	0
46370	4.8	0
48070	5.5	0
46054	7.4	1
41213	5.7	0
38704	6	0
34054	6.3	1
44685	7.2	1
44837	7	0
35460	7.1	0
60779	3	0
43000	4.7	0
44627	4.3	0
50344	3.4	1
53637	4.9	0
62097	2.7	0
59087	3.4	1
55295	4.6	1
72645	2.6	0
59528	3.3	1
55245	2.9	0
65435	2.7	1
49200	3.7	0
71789	2.2	0
63608	2.6	1
61221	3.6	0
50637	4	1
57506	3.1	0
60111	2.6	1
53188	3.9	0
59428	2.6	0
45156	4.8	1
57328	2.8	0
63160	2.6	1
55512	3.3	0
68017	2.6	0
44130	5.8	0
52919	3.1	0
65831	2.9	1
52891	3.1	1
65013	3.5	1
63612	2.9	0
60619	2.6	0
60711	2.3	0
51334	4	0
56645	3.2	1
56466	3.1	0
63442	2.7	0
50670	4	0
46964	3.5	1
40682	5.7	0
49771	3.6	1
58391	2.7	0
59983	3.3	1
53805	3.6	1
65993	2.8	0
83014	2.5	1
56348	3.3	0
75421	3.2	0
59990	3.7	0
59032	3	1
47032	3.7	0
60349	3.6	1
53050	2.7	0
57675	3.2	1
48448	4	0
82575	3	0
57256	2.6	0
46490	4.3	1
56022	3	0
61906	2.5	0
56981	3.1	0
56978	2.9	0
51692	2.9	0
47198	3.9	0
64234	2.9	1
50482	3.9	1
75799	2.5	0
87333	2.7	0
58648	3	1
52340	3.5	0
55879	3.5	0
62259	4.1	0
47561	3.3	0
55195	4.7	0
78112	4.1	0
61773	3.8	0
68162	3.7	0
64053	3.2	0
51204	5.2	0
51676	3.3	0
49356	3.7	1
57676	4	0
63839	3.9	1
69598	3.8	0
64714	4.6	0
51036	2.8	0
58873	4.4	0
54165	3.8	0
58307	4	0
74570	4.2	0
73315	4.2	0
99087	3	0
63401	4.4	0
54319	3.5	0
